KstestResult(statistic=np.float64(0.5), pvalue=np.float64(0.0), statistic_location=np.float64(-0.0), statistic_sign=np.int8(-1))
KstestResult(statistic=np.float64(0.5), pvalue=np.float64(3.459944378204961e-119), statistic_location=np.float64(-0.0), statistic_sign=np.int8(-1))
kstest: 4.440105393957508e-05
Effect size: 0.1096875
mannwhitneyu: 0.15274863383696657
Effect size: 0.03911560058593755

chisquare: 0.0
Effect size: 0.4736434639674429

Evaluate surrogate model on training dataset:
MAE: [0.033, 0.143, 0.135, 0.159, 0.27, 0.01, 0.014, 0.013, 0.214, 3.222, 0.258, 0.04, 0.015, 0.115, 0.028, 0.0, 0.001, 0.0, 0.009, 0.01, 0.0, 0.167, 0.001, 0.001, 0.001, 0.0, 0.0, 0.0, 0.005, 0.002, 0.0, 0.013, 0.0, 0.02, 0.118, 0.006, 0.345, 1.121, 0.017, 0.017, 0.098, 0.176, 0.002, 0.011, 0.001, 0.0, 0.001, 0.001, 0.002, 0.246, 0.0, 0.012, 0.01, 7.872, 5.476, 1.011, 1.005, 0.0, 0.0, 0.09, 0.003, 0.025, 0.023, 0.034, 0.01, 0.023, 0.021, 0.032, 0.002, 0.016, 0.001, 0.01, 0.0, 0.005, 0.0, 0.009, 0.0, 0.0]
Variance of ground truth: [0.03, 0.032, 0.032, 0.032, 10.648, 0.015, 0.032, 0.032, 0.032, 0.032, 3.042, 0.026, 0.001, 3.043, 0.026, 0.0, 0.0, 0.0, 0.085, 0.083, 0.0, 0.0, 0.0, 0.0, 0.0, 0.0, 0.0, 0.0, 0.0, 0.001, 0.0, 0.0, 0.0, 0.0, 0.0, 0.0, 15.012, 160.868, 0.032, 0.032, 0.741, 0.765, 0.0, 0.0, 0.0, 0.0, 0.0, 0.0, 0.009, 1.537, 0.0, 0.0, 0.0, 0.0, 0.0, 0.0, 0.0, 0.0, 0.0, 0.0, 0.0, 0.0, 0.0, 0.0, 0.0, 0.0, 0.0, 0.0, 0.0, 0.0, 0.0, 0.0, 0.0, 0.0, 0.0, 0.0, 0.0, 0.0]
Variance of surrogate: [0.036, 0.045, 0.046, 0.048, 9.794, 0.008, 0.022, 0.021, 0.0, 0.0, 2.512, 0.02, 0.0, 2.883, 0.022, 0.0, 0.0, 0.0, 0.081, 0.079, 0.0, 0.061, 0.0, 0.0, 0.0, 0.0, 0.0, 0.0, 0.0, 0.0, 0.0, 0.0, 0.0, 0.0, 0.0, 0.0, 13.671, 142.232, 0.022, 0.02, 0.529, 0.633, 0.0, 0.0, 0.0, 0.0, 0.0, 0.0, 0.008, 1.11, 0.0, 0.0, 0.0, 41.647, 32.368, 0.082, 0.082, 0.0, 0.0, 0.0, 0.0, 0.0, 0.001, 0.001, 0.0, 0.0, 0.001, 0.001, 0.0, 0.0, 0.0, 0.0, 0.0, 0.0, 0.0, 0.0, 0.0, 0.0]
Variance of residuel: [0.016, 0.044, 0.044, 0.048, 1.155, 0.006, 0.011, 0.012, 0.032, 0.032, 0.626, 0.005, 0.001, 0.388, 0.005, 0.0, 0.0, 0.0, 0.0, 0.0, 0.0, 0.061, 0.0, 0.0, 0.0, 0.0, 0.0, 0.0, 0.0, 0.001, 0.0, 0.0, 0.0, 0.0, 0.0, 0.0, 1.401, 16.893, 0.013, 0.012, 0.085, 0.16, 0.0, 0.0, 0.0, 0.0, 0.0, 0.0, 0.001, 0.258, 0.0, 0.0, 0.0, 41.647, 32.368, 0.082, 0.082, 0.0, 0.0, 0.0, 0.0, 0.0, 0.001, 0.001, 0.0, 0.0, 0.001, 0.001, 0.0, 0.0, 0.0, 0.0, 0.0, 0.0, 0.0, 0.0, 0.0, 0.0]
========================================
Evaluate surrogate model on GFlowNet data:
MAE: [0.379, 23.391, 23.44, 23.371, 1.327, 0.0, 0.018, 0.017, 23.782, 20.722, 0.594, 16.182, 0.153, 0.708, 16.231, 15.826, 14.829, 15.827, 16.829, 16.833, 16.324, 0.994, 0.001, 0.001, 0.001, 0.0, 0.0, 0.0, 0.099, 0.126, 0.004, 0.029, 0.0, 0.026, 0.146, 0.025, 3.368, 4.791, 0.02, 0.012, 3.595, 3.606, 0.002, 0.011, 0.001, 0.0, 0.001, 0.001, 0.004, 4.319, 0.0, 0.012, 0.01, 7.038, 5.879, 1.004, 1.014, 0.0, 0.0, 0.108, 0.021, 0.045, 0.03, 0.065, 0.014, 0.035, 0.031, 0.231, 0.013, 0.021, 0.001, 0.03, 0.0, 0.025, 0.0, 0.029, 0.0, 0.0]
Variance of ground truth: [0.247, 1.33, 1.33, 1.33, 0.0, 0.0, 0.016, 0.016, 1.33, 1.33, 0.0, 2.354, 0.122, 0.0, 3.382, 1.163, 1.043, 1.163, 1.265, 1.357, 1.226, 0.0, 0.0, 0.0, 0.0, 0.0, 0.0, 0.0, 0.086, 0.109, 0.004, 0.0, 0.0, 0.0, 0.0, 0.0, 0.0, 2.846, 0.016, 0.016, 4.886, 4.77, 0.0, 0.0, 0.0, 0.0, 0.0, 0.0, 0.002, 5.096, 0.0, 0.0, 0.0, 0.0, 0.0, 0.0, 0.0, 0.0, 0.0, 0.0, 0.0, 0.0, 0.0, 0.0, 0.0, 0.0, 0.0, 0.0, 0.0, 0.0, 0.0, 0.0, 0.0, 0.0, 0.0, 0.0, 0.0, 0.0]
Variance of surrogate: [0.762, 0.246, 0.264, 0.274, 4.085, 0.0, 0.006, 0.006, 0.0, 0.0, 1.565, 0.005, 0.0, 2.337, 0.012, 0.0, 0.0, 0.0, 0.078, 0.081, 0.0, 0.488, 0.0, 0.0, 0.0, 0.0, 0.0, 0.0, 0.0, 0.0, 0.0, 0.0, 0.0, 0.0, 0.001, 0.0, 8.001, 53.779, 0.005, 0.0, 0.06, 0.307, 0.0, 0.0, 0.0, 0.0, 0.0, 0.0, 0.0, 0.504, 0.0, 0.0, 0.0, 41.29, 31.396, 0.068, 0.073, 0.0, 0.0, 0.0, 0.0, 0.008, 0.001, 0.055, 0.0, 0.003, 0.001, 1.04, 0.008, 0.0, 0.0, 0.0, 0.0, 0.0, 0.0, 0.0, 0.0, 0.0]
Variance of residuel: [1.007, 1.574, 1.557, 1.61, 4.085, 0.0, 0.022, 0.022, 1.33, 1.33, 1.565, 2.375, 0.122, 2.337, 3.414, 1.163, 1.043, 1.163, 1.37, 1.375, 1.226, 0.488, 0.0, 0.0, 0.0, 0.0, 0.0, 0.0, 0.086, 0.109, 0.004, 0.0, 0.0, 0.0, 0.001, 0.0, 8.001, 56.205, 0.021, 0.016, 4.889, 4.978, 0.0, 0.0, 0.0, 0.0, 0.0, 0.0, 0.002, 5.605, 0.0, 0.0, 0.0, 41.29, 31.396, 0.068, 0.073, 0.0, 0.0, 0.0, 0.0, 0.008, 0.001, 0.055, 0.0, 0.003, 0.001, 1.04, 0.008, 0.0, 0.0, 0.0, 0.0, 0.0, 0.0, 0.0, 0.0, 0.0]

Number of clusters for SpectralClustering(affinity='precomputed', assign_labels='cluster_qr',
                   n_clusters=316, n_jobs=24): 317
========================================
Method: DBSCAN
Labels number: 1
Scenario dataset size: 512-511=1
Discovered violations counts: 16 -> 2, depreciation: 14
========================================
Method: OPTICS
Labels number: 353
Silhouette score: -0.25332560254494946
Scenario dataset size: 512-159=353
Discovered violations counts: 16 -> 16, depreciation: 0
========================================
Method: HDBSCAN
Labels number: 346
Silhouette score: -0.22292627691188208
Scenario dataset size: 512-166=346
Discovered violations counts: 16 -> 16, depreciation: 0
========================================
Method: AgglomerativeClustering
Labels number: 6
Silhouette score: 0.6635073834315123
Scenario dataset size: 512-506=6
Discovered violations counts: 16 -> 8, depreciation: 8
========================================
Method: AffinityPropagation
Labels number: 39
Silhouette score: -0.004285714366778046
Scenario dataset size: 512-473=39
Discovered violations counts: 16 -> 8, depreciation: 8
========================================
Method: SpectralClustering
Labels number: 317
Silhouette score: -0.5805117343224002
Scenario dataset size: 512-195=317
Discovered violations counts: 16 -> 16, depreciation: 0
========================================
[(166, 0), (61, 0), (23, 0), (15, 0), (11, 0), (0, 0), (0, 0), (175, 0), (504, 8)]
[(140, 0), (49, 0), (26, 0), (32, 0), (0, 0), (0, 0), (0, 0), (0, 0), (0, 0)]
[(105, 0), (70, 0), (23, 0), (0, 0), (0, 0), (0, 0), (0, 0), (0, 0), (0, 0)]
[(92, 0), (0, 0), (0, 0), (0, 0), (0, 0), (0, 0), (0, 0), (0, 0), (0, 0)]
[(0, 0), (0, 0), (0, 0), (0, 0), (0, 0), (0, 0), (0, 0), (0, 0), (0, 0)]
[(0, 0), (0, 0), (0, 0), (0, 0), (0, 0), (0, 0), (0, 0), (0, 0), (0, 0)]
[(0, 0), (0, 0), (0, 0), (0, 0), (0, 0), (0, 0), (0, 0), (0, 0), (0, 0)]
[(0, 0), (0, 0), (0, 0), (0, 0), (0, 0), (0, 0), (0, 0), (0, 0), (0, 0)]
[(0, 0), (0, 0), (0, 0), (0, 0), (0, 0), (0, 0), (0, 0), (0, 0), (0, 0)]
========================================
========================================
Ablation study:

Full test suite: 512
Test cases with violation: 512

Directed distance method only:
Scenario dataset size: 512-90=422
Discovered violations counts: 16 -> 16, depreciation: 0
Test cases with violation: 422

Trajectory method only:
Scenario dataset size: 512-166=346
Discovered violations counts: 16 -> 16, depreciation: 0
Test cases with violation: 346

Union method:
Scenario dataset size: 512-36=476
Discovered violations counts: 16 -> 16, depreciation: 0
Test cases with violation: 476

Intersection method:
Scenario dataset size: 512-220=292
Discovered violations counts: 16 -> 16, depreciation: 0
Test cases with violation: 292

ADS: apollo
Indices: [36, 52, 1, 2, 30, 50, 5, 4, 29, 42, 43, 7, 6, 12, 40, 28, 14, 11, 54, 53, 64, 65, 68, 69, 70, 71, 72, 73, 74, 75, 76, 77, 78, 79, 80, 81, 66, 67, 48, 49, 51, 55, 56, 57, 58, 59, 63, 62, 61, 60, 32, 33, 34, 35, 37, 38, 39, 41, 47, 46, 45, 44, 27, 26, 25, 31, 16, 17, 18, 19, 20, 21, 22, 23, 24, 8, 10, 13, 15, 9, 3, 0]
Amounts: [997, 796, 249, 249, 231, 168, 163, 152, 112, 109, 109, 103, 103, 78, 71, 67, 49, 35, 22, 13, 0, 0, 0, 0, 0, 0, 0, 0, 0, 0, 0, 0, 0, 0, 0, 0, 0, 0, 0, 0, 0, 0, 0, 0, 0, 0, 0, 0, 0, 0, 0, 0, 0, 0, 0, 0, 0, 0, 0, 0, 0, 0, 0, 0, 0, 0, 0, 0, 0, 0, 0, 0, 0, 0, 0, 0, 0, 0, 0, 0, 0, 0]

ADS: autoware
Indices: [36, 52, 43, 42, 7, 6, 12, 29, 28, 14, 11, 53, 50, 40, 2, 1, 5, 54, 4, 44, 64, 65, 68, 69, 70, 71, 72, 73, 74, 75, 76, 77, 78, 79, 80, 81, 66, 67, 59, 49, 51, 55, 48, 56, 58, 57, 63, 62, 61, 60, 32, 33, 34, 35, 37, 38, 39, 41, 46, 47, 45, 30, 27, 26, 25, 31, 16, 17, 18, 19, 20, 21, 22, 23, 24, 8, 10, 13, 15, 9, 3, 0]
Amounts: [915, 758, 664, 664, 663, 663, 564, 538, 434, 377, 350, 210, 192, 149, 129, 129, 123, 37, 17, 1, 0, 0, 0, 0, 0, 0, 0, 0, 0, 0, 0, 0, 0, 0, 0, 0, 0, 0, 0, 0, 0, 0, 0, 0, 0, 0, 0, 0, 0, 0, 0, 0, 0, 0, 0, 0, 0, 0, 0, 0, 0, 0, 0, 0, 0, 0, 0, 0, 0, 0, 0, 0, 0, 0, 0, 0, 0, 0, 0, 0, 0, 0]

ADS: interfuser
Indices: [36, 52, 12, 29, 43, 42, 7, 6, 50, 40, 53, 1, 2, 5, 4, 54, 28, 14, 64, 65, 66, 67, 68, 69, 70, 71, 72, 73, 74, 75, 76, 77, 78, 79, 80, 81, 48, 49, 44, 45, 51, 55, 56, 57, 58, 59, 63, 62, 61, 60, 32, 33, 34, 35, 37, 38, 39, 41, 47, 46, 30, 31, 27, 26, 25, 24, 16, 17, 18, 19, 20, 21, 22, 23, 8, 9, 10, 11, 13, 15, 3, 0]
Amounts: [756, 681, 371, 350, 193, 193, 189, 189, 148, 130, 115, 84, 84, 52, 32, 16, 11, 9, 0, 0, 0, 0, 0, 0, 0, 0, 0, 0, 0, 0, 0, 0, 0, 0, 0, 0, 0, 0, 0, 0, 0, 0, 0, 0, 0, 0, 0, 0, 0, 0, 0, 0, 0, 0, 0, 0, 0, 0, 0, 0, 0, 0, 0, 0, 0, 0, 0, 0, 0, 0, 0, 0, 0, 0, 0, 0, 0, 0, 0, 0, 0, 0]

ADS: behavior_agent
Indices: [52, 36, 43, 42, 7, 6, 40, 50, 12, 29, 14, 1, 5, 2, 53, 54, 11, 28, 64, 65, 66, 67, 68, 69, 70, 71, 72, 73, 74, 75, 76, 77, 78, 79, 80, 81, 48, 49, 44, 45, 51, 55, 56, 57, 58, 59, 63, 62, 61, 60, 32, 33, 34, 35, 37, 38, 39, 41, 47, 46, 30, 31, 27, 26, 25, 24, 16, 17, 18, 19, 20, 21, 22, 23, 8, 9, 10, 13, 15, 4, 3, 0]
Amounts: [620, 446, 249, 249, 247, 247, 137, 116, 53, 36, 33, 28, 28, 28, 12, 6, 6, 1, 0, 0, 0, 0, 0, 0, 0, 0, 0, 0, 0, 0, 0, 0, 0, 0, 0, 0, 0, 0, 0, 0, 0, 0, 0, 0, 0, 0, 0, 0, 0, 0, 0, 0, 0, 0, 0, 0, 0, 0, 0, 0, 0, 0, 0, 0, 0, 0, 0, 0, 0, 0, 0, 0, 0, 0, 0, 0, 0, 0, 0, 0, 0, 0]

